   7.9432823e-03   0.0000000e+00   3.0068830e-04
   7.9432823e-03   2.0000000e+00   2.8396729e-04
   7.9432823e-03   4.0000000e+00   2.7195111e-04
   7.9432823e-03   6.0000000e+00   2.5987329e-04
   7.9432823e-03   8.0000000e+00   2.4925647e-04
   7.9432823e-03   1.0000000e+01   2.3680287e-04
   7.9432823e-03   1.2000000e+01   2.2440718e-04
   7.9432823e-03   1.4000000e+01   2.1542231e-04
   7.9432823e-03   1.6000000e+01   1.9992456e-04
   7.9432823e-03   1.8000000e+01   1.9047316e-04
   7.9432823e-03   2.0000000e+01   1.7748793e-04
   7.9432823e-03   2.2000000e+01   1.6566591e-04
   7.9432823e-03   2.4000000e+01   1.5389641e-04
   7.9432823e-03   2.6000000e+01   1.4174620e-04
   7.9432823e-03   2.8000000e+01   1.3205520e-04
   7.9432823e-03   3.0000000e+01   1.1851253e-04
   7.9432823e-03   3.2000000e+01   1.0955994e-04
   7.9432823e-03   3.4000000e+01   9.8445116e-05
   7.9432823e-03   3.6000000e+01   8.5997769e-05
   7.9432823e-03   3.8000000e+01   7.5737929e-05
   7.9432823e-03   4.0000000e+01   6.4374313e-05
   7.9432823e-03   4.2000000e+01   5.5629590e-05
   7.9432823e-03   4.4000000e+01   4.6729858e-05
   7.9432823e-03   4.6000000e+01   4.0477342e-05
   7.9432823e-03   4.8000000e+01   3.6316925e-05
   7.9432823e-03   5.0000000e+01   3.6546468e-05
   7.9432823e-03   5.2000000e+01   4.1339095e-05
   7.9432823e-03   5.4000000e+01   4.6207139e-05
   7.9432823e-03   5.6000000e+01   5.4659855e-05
   7.9432823e-03   5.8000000e+01   6.3138473e-05
   7.9432823e-03   6.0000000e+01   7.1342527e-05
   7.9432823e-03   6.2000000e+01   8.1467990e-05
   7.9432823e-03   6.4000000e+01   9.3213081e-05
   7.9432823e-03   6.6000000e+01   1.0217633e-04
   7.9432823e-03   6.8000000e+01   1.1399584e-04
   7.9432823e-03   7.0000000e+01   1.2421175e-04
   7.9432823e-03   7.2000000e+01   1.3500729e-04
   7.9432823e-03   7.4000000e+01   1.4525605e-04
   7.9432823e-03   7.6000000e+01   1.5625079e-04
   7.9432823e-03   7.8000000e+01   1.6755443e-04
   7.9432823e-03   8.0000000e+01   1.7942359e-04
   1.1706338e-02   0.0000000e+00   3.4931049e-04
   1.1706338e-02   2.0000000e+00   3.3911042e-04
   1.1706338e-02   4.0000000e+00   3.2685213e-04
   1.1706338e-02   6.0000000e+00   3.0781862e-04
   1.1706338e-02   8.0000000e+00   2.9956173e-04
   1.1706338e-02   1.0000000e+01   2.8486424e-04
   1.1706338e-02   1.2000000e+01   2.7214515e-04
   1.1706338e-02   1.4000000e+01   2.5817746e-04
   1.1706338e-02   1.6000000e+01   2.4551611e-04
   1.1706338e-02   1.8000000e+01   2.2810840e-04
   1.1706338e-02   2.0000000e+01   2.2033161e-04
   1.1706338e-02   2.2000000e+01   2.0764363e-04
   1.1706338e-02   2.4000000e+01   1.9228628e-04
   1.1706338e-02   2.6000000e+01   1.7776396e-04
   1.1706338e-02   2.8000000e+01   1.6713839e-04
   1.1706338e-02   3.0000000e+01   1.5566491e-04
   1.1706338e-02   3.2000000e+01   1.4029242e-04
   1.1706338e-02   3.4000000e+01   1.2634444e-04
   1.1706338e-02   3.6000000e+01   1.1745590e-04
   1.1706338e-02   3.8000000e+01   1.0877130e-04
   1.1706338e-02   4.0000000e+01   9.2430366e-05
   1.1706338e-02   4.2000000e+01   7.9778708e-05
   1.1706338e-02   4.4000000e+01   7.0313231e-05
   1.1706338e-02   4.6000000e+01   6.0876787e-05
   1.1706338e-02   4.8000000e+01   5.2383005e-05
   1.1706338e-02   5.0000000e+01   4.5597212e-05
   1.1706338e-02   5.2000000e+01   4.6634765e-05
   1.1706338e-02   5.4000000e+01   4.4486002e-05
   1.1706338e-02   5.6000000e+01   5.0321654e-05
   1.1706338e-02   5.8000000e+01   5.7372529e-05
   1.1706338e-02   6.0000000e+01   6.3411356e-05
   1.1706338e-02   6.2000000e+01   7.5187501e-05
   1.1706338e-02   6.4000000e+01   8.9173767e-05
   1.1706338e-02   6.6000000e+01   9.9659684e-05
   1.1706338e-02   6.8000000e+01   1.1048775e-04
   1.1706338e-02   7.0000000e+01   1.2101404e-04
   1.1706338e-02   7.2000000e+01   1.3347314e-04
   1.1706338e-02   7.4000000e+01   1.4606560e-04
   1.1706338e-02   7.6000000e+01   1.5895175e-04
   1.1706338e-02   7.8000000e+01   1.7522991e-04
   1.1706338e-02   8.0000000e+01   1.8453112e-04
   1.7252105e-02   0.0000000e+00   3.2939724e-04
   1.7252105e-02   2.0000000e+00   3.1875452e-04
   1.7252105e-02   4.0000000e+00   3.0528356e-04
   1.7252105e-02   6.0000000e+00   2.9448319e-04
   1.7252105e-02   8.0000000e+00   2.8157316e-04
   1.7252105e-02   1.0000000e+01   2.7165446e-04
   1.7252105e-02   1.2000000e+01   2.6021323e-04
   1.7252105e-02   1.4000000e+01   2.4973923e-04
   1.7252105e-02   1.6000000e+01   2.3136066e-04
   1.7252105e-02   1.8000000e+01   2.2382311e-04
   1.7252105e-02   2.0000000e+01   2.1068073e-04
   1.7252105e-02   2.2000000e+01   2.0150190e-04
   1.7252105e-02   2.4000000e+01   1.8937753e-04
   1.7252105e-02   2.6000000e+01   1.7999799e-04
   1.7252105e-02   2.8000000e+01   1.6643588e-04
   1.7252105e-02   3.0000000e+01   1.5301543e-04
   1.7252105e-02   3.2000000e+01   1.4224276e-04
   1.7252105e-02   3.4000000e+01   1.2820750e-04
   1.7252105e-02   3.6000000e+01   1.2163562e-04
   1.7252105e-02   3.8000000e+01   1.0768734e-04
   1.7252105e-02   4.0000000e+01   1.0070136e-04
   1.7252105e-02   4.2000000e+01   8.8107260e-05
   1.7252105e-02   4.4000000e+01   7.9637828e-05
   1.7252105e-02   4.6000000e+01   7.1665007e-05
   1.7252105e-02   4.8000000e+01   6.0787169e-05
   1.7252105e-02   5.0000000e+01   5.6609726e-05
   1.7252105e-02   5.2000000e+01   5.1230629e-05
   1.7252105e-02   5.4000000e+01   5.1112826e-05
   1.7252105e-02   5.6000000e+01   5.2068002e-05
   1.7252105e-02   5.8000000e+01   5.6075340e-05
   1.7252105e-02   6.0000000e+01   6.1547814e-05
   1.7252105e-02   6.2000000e+01   6.9683994e-05
   1.7252105e-02   6.4000000e+01   7.9692290e-05
   1.7252105e-02   6.6000000e+01   8.8152888e-05
   1.7252105e-02   6.8000000e+01   9.8017818e-05
   1.7252105e-02   7.0000000e+01   1.0929086e-04
   1.7252105e-02   7.2000000e+01   1.1917519e-04
   1.7252105e-02   7.4000000e+01   1.3086260e-04
   1.7252105e-02   7.6000000e+01   1.4049011e-04
   1.7252105e-02   7.8000000e+01   1.5249418e-04
   1.7252105e-02   8.0000000e+01   1.6324583e-04
   2.5425129e-02   0.0000000e+00   4.3729359e-04
   2.5425129e-02   2.0000000e+00   4.2145220e-04
   2.5425129e-02   4.0000000e+00   4.0623261e-04
   2.5425129e-02   6.0000000e+00   3.9095889e-04
   2.5425129e-02   8.0000000e+00   3.7408452e-04
   2.5425129e-02   1.0000000e+01   3.6047763e-04
   2.5425129e-02   1.2000000e+01   3.4567675e-04
   2.5425129e-02   1.4000000e+01   3.2680863e-04
   2.5425129e-02   1.6000000e+01   3.1024373e-04
   2.5425129e-02   1.8000000e+01   2.9670601e-04
   2.5425129e-02   2.0000000e+01   2.7704201e-04
   2.5425129e-02   2.2000000e+01   2.6415163e-04
   2.5425129e-02   2.4000000e+01   2.5183336e-04
   2.5425129e-02   2.6000000e+01   2.3491785e-04
   2.5425129e-02   2.8000000e+01   2.1581951e-04
   2.5425129e-02   3.0000000e+01   2.0179541e-04
   2.5425129e-02   3.2000000e+01   1.8916173e-04
   2.5425129e-02   3.4000000e+01   1.7292247e-04
   2.5425129e-02   3.6000000e+01   1.5731245e-04
   2.5425129e-02   3.8000000e+01   1.4287835e-04
   2.5425129e-02   4.0000000e+01   1.2837182e-04
   2.5425129e-02   4.2000000e+01   1.1128979e-04
   2.5425129e-02   4.4000000e+01   9.9710465e-05
   2.5425129e-02   4.6000000e+01   8.8507917e-05
   2.5425129e-02   4.8000000e+01   7.5609130e-05
   2.5425129e-02   5.0000000e+01   6.5552868e-05
   2.5425129e-02   5.2000000e+01   6.0956289e-05
   2.5425129e-02   5.4000000e+01   6.0253415e-05
   2.5425129e-02   5.6000000e+01   6.2540951e-05
   2.5425129e-02   5.8000000e+01   6.7712550e-05
   2.5425129e-02   6.0000000e+01   7.5753557e-05
   2.5425129e-02   6.2000000e+01   8.5214477e-05
   2.5425129e-02   6.4000000e+01   9.9156913e-05
   2.5425129e-02   6.6000000e+01   1.1218383e-04
   2.5425129e-02   6.8000000e+01   1.2717917e-04
   2.5425129e-02   7.0000000e+01   1.4325375e-04
   2.5425129e-02   7.2000000e+01   1.5567073e-04
   2.5425129e-02   7.4000000e+01   1.7251430e-04
   2.5425129e-02   7.6000000e+01   1.8752184e-04
   2.5425129e-02   7.8000000e+01   1.9974783e-04
   2.5425129e-02   8.0000000e+01   2.1838126e-04
   3.7470045e-02   0.0000000e+00   4.3718537e-04
   3.7470045e-02   2.0000000e+00   4.2132342e-04
   3.7470045e-02   4.0000000e+00   4.0392231e-04
   3.7470045e-02   6.0000000e+00   3.8918079e-04
   3.7470045e-02   8.0000000e+00   3.7783392e-04
   3.7470045e-02   1.0000000e+01   3.5686683e-04
   3.7470045e-02   1.2000000e+01   3.4386763e-04
   3.7470045e-02   1.4000000e+01   3.2763398e-04
   3.7470045e-02   1.6000000e+01   3.1366250e-04
   3.7470045e-02   1.8000000e+01   2.9774536e-04
   3.7470045e-02   2.0000000e+01   2.8377048e-04
   3.7470045e-02   2.2000000e+01   2.6786438e-04
   3.7470045e-02   2.4000000e+01   2.6062052e-04
   3.7470045e-02   2.6000000e+01   2.3554549e-04
   3.7470045e-02   2.8000000e+01   2.2172249e-04
   3.7470045e-02   3.0000000e+01   2.0725698e-04
   3.7470045e-02   3.2000000e+01   1.9434855e-04
   3.7470045e-02   3.4000000e+01   1.7536302e-04
   3.7470045e-02   3.6000000e+01   1.6221749e-04
   3.7470045e-02   3.8000000e+01   1.4636235e-04
   3.7470045e-02   4.0000000e+01   1.3724972e-04
   3.7470045e-02   4.2000000e+01   1.2528254e-04
   3.7470045e-02   4.4000000e+01   1.0775924e-04
   3.7470045e-02   4.6000000e+01   9.7825803e-05
   3.7470045e-02   4.8000000e+01   8.5215143e-05
   3.7470045e-02   5.0000000e+01   7.4962032e-05
   3.7470045e-02   5.2000000e+01   6.7388211e-05
   3.7470045e-02   5.4000000e+01   6.7239015e-05
   3.7470045e-02   5.6000000e+01   6.6947449e-05
   3.7470045e-02   5.8000000e+01   6.9600239e-05
   3.7470045e-02   6.0000000e+01   8.0126203e-05
   3.7470045e-02   6.2000000e+01   8.7090412e-05
   3.7470045e-02   6.4000000e+01   9.6894017e-05
   3.7470045e-02   6.6000000e+01   1.1021786e-04
   3.7470045e-02   6.8000000e+01   1.2092459e-04
   3.7470045e-02   7.0000000e+01   1.3704678e-04
   3.7470045e-02   7.2000000e+01   1.5007949e-04
   3.7470045e-02   7.4000000e+01   1.6058825e-04
   3.7470045e-02   7.6000000e+01   1.7709906e-04
   3.7470045e-02   7.8000000e+01   1.8954763e-04
   3.7470045e-02   8.0000000e+01   2.0878300e-04
   5.5221127e-02   0.0000000e+00   3.2666815e-04
   5.5221127e-02   2.0000000e+00   3.1417289e-04
   5.5221127e-02   4.0000000e+00   3.0112967e-04
   5.5221127e-02   6.0000000e+00   2.8871726e-04
   5.5221127e-02   8.0000000e+00   2.8024833e-04
   5.5221127e-02   1.0000000e+01   2.7229702e-04
   5.5221127e-02   1.2000000e+01   2.5583039e-04
   5.5221127e-02   1.4000000e+01   2.4973037e-04
   5.5221127e-02   1.6000000e+01   2.4718603e-04
   5.5221127e-02   1.8000000e+01   2.3367377e-04
   5.5221127e-02   2.0000000e+01   2.2296040e-04
   5.5221127e-02   2.2000000e+01   2.0804528e-04
   5.5221127e-02   2.4000000e+01   1.9588677e-04
   5.5221127e-02   2.6000000e+01   1.8860404e-04
   5.5221127e-02   2.8000000e+01   1.7916239e-04
   5.5221127e-02   3.0000000e+01   1.6845875e-04
   5.5221127e-02   3.2000000e+01   1.5354354e-04
   5.5221127e-02   3.4000000e+01   1.4233747e-04
   5.5221127e-02   3.6000000e+01   1.3083414e-04
   5.5221127e-02   3.8000000e+01   1.2774898e-04
   5.5221127e-02   4.0000000e+01   1.1557878e-04
   5.5221127e-02   4.2000000e+01   1.0384057e-04
   5.5221127e-02   4.4000000e+01   9.7454745e-05
   5.5221127e-02   4.6000000e+01   9.4045476e-05
   5.5221127e-02   4.8000000e+01   8.4631225e-05
   5.5221127e-02   5.0000000e+01   7.5810015e-05
   5.5221127e-02   5.2000000e+01   6.7541328e-05
   5.5221127e-02   5.4000000e+01   7.1709670e-05
   5.5221127e-02   5.6000000e+01   6.2384236e-05
   5.5221127e-02   5.8000000e+01   6.7223852e-05
   5.5221127e-02   6.0000000e+01   6.5239318e-05
   5.5221127e-02   6.2000000e+01   6.5481411e-05
   5.5221127e-02   6.4000000e+01   7.1808954e-05
   5.5221127e-02   6.6000000e+01   7.9294390e-05
   5.5221127e-02   6.8000000e+01   8.5850988e-05
   5.5221127e-02   7.0000000e+01   9.4648090e-05
   5.5221127e-02   7.2000000e+01   9.9183486e-05
   5.5221127e-02   7.4000000e+01   1.1168029e-04
   5.5221127e-02   7.6000000e+01   1.1795273e-04
   5.5221127e-02   7.8000000e+01   1.2575333e-04
   5.5221127e-02   8.0000000e+01   1.3699140e-04
   8.1381617e-02   0.0000000e+00   3.6584605e-04
   8.1381617e-02   2.0000000e+00   3.5453262e-04
   8.1381617e-02   4.0000000e+00   3.3971739e-04
   8.1381617e-02   6.0000000e+00   3.2784285e-04
   8.1381617e-02   8.0000000e+00   3.1917168e-04
   8.1381617e-02   1.0000000e+01   3.0249308e-04
   8.1381617e-02   1.2000000e+01   2.8962597e-04
   8.1381617e-02   1.4000000e+01   2.7038935e-04
   8.1381617e-02   1.6000000e+01   2.6422829e-04
   8.1381617e-02   1.8000000e+01   2.6166503e-04
   8.1381617e-02   2.0000000e+01   2.4415118e-04
   8.1381617e-02   2.2000000e+01   2.3181769e-04
   8.1381617e-02   2.4000000e+01   2.2189819e-04
   8.1381617e-02   2.6000000e+01   1.9900087e-04
   8.1381617e-02   2.8000000e+01   1.8493564e-04
   8.1381617e-02   3.0000000e+01   1.7720377e-04
   8.1381617e-02   3.2000000e+01   1.7061032e-04
   8.1381617e-02   3.4000000e+01   1.5702545e-04
   8.1381617e-02   3.6000000e+01   1.3593139e-04
   8.1381617e-02   3.8000000e+01   1.2154157e-04
   8.1381617e-02   4.0000000e+01   1.2798268e-04
   8.1381617e-02   4.2000000e+01   1.1086134e-04
   8.1381617e-02   4.4000000e+01   9.9471780e-05
   8.1381617e-02   4.6000000e+01   9.3842734e-05
   8.1381617e-02   4.8000000e+01   7.3708268e-05
   8.1381617e-02   5.0000000e+01   6.7775250e-05
   8.1381617e-02   5.2000000e+01   6.6421138e-05
   8.1381617e-02   5.4000000e+01   5.9973851e-05
   8.1381617e-02   5.6000000e+01   6.0128562e-05
   8.1381617e-02   5.8000000e+01   5.9945091e-05
   8.1381617e-02   6.0000000e+01   6.6948702e-05
   8.1381617e-02   6.2000000e+01   7.4572554e-05
   8.1381617e-02   6.4000000e+01   8.0872188e-05
   8.1381617e-02   6.6000000e+01   9.1540077e-05
   8.1381617e-02   6.8000000e+01   1.0237890e-04
   8.1381617e-02   7.0000000e+01   1.0999818e-04
   8.1381617e-02   7.2000000e+01   1.2300430e-04
   8.1381617e-02   7.4000000e+01   1.3446412e-04
   8.1381617e-02   7.6000000e+01   1.4284403e-04
   8.1381617e-02   7.8000000e+01   1.5972439e-04
   8.1381617e-02   8.0000000e+01   1.7134976e-04
   1.1993539e-01   0.0000000e+00   3.7347053e-04
   1.1993539e-01   2.0000000e+00   3.6373295e-04
   1.1993539e-01   4.0000000e+00   3.4599729e-04
   1.1993539e-01   6.0000000e+00   3.2721140e-04
   1.1993539e-01   8.0000000e+00   3.2898547e-04
   1.1993539e-01   1.0000000e+01   3.1949164e-04
   1.1993539e-01   1.2000000e+01   2.9430133e-04
   1.1993539e-01   1.4000000e+01   2.7794286e-04
   1.1993539e-01   1.6000000e+01   2.7038214e-04
   1.1993539e-01   1.8000000e+01   2.6185934e-04
   1.1993539e-01   2.0000000e+01   2.3483258e-04
   1.1993539e-01   2.2000000e+01   2.1823566e-04
   1.1993539e-01   2.4000000e+01   2.1513638e-04
   1.1993539e-01   2.6000000e+01   1.9394685e-04
   1.1993539e-01   2.8000000e+01   1.9652880e-04
   1.1993539e-01   3.0000000e+01   1.7168750e-04
   1.1993539e-01   3.2000000e+01   1.5907903e-04
   1.1993539e-01   3.4000000e+01   1.4405674e-04
   1.1993539e-01   3.6000000e+01   1.3296089e-04
   1.1993539e-01   3.8000000e+01   1.2956837e-04
   1.1993539e-01   4.0000000e+01   1.1005943e-04
   1.1993539e-01   4.2000000e+01   1.0739861e-04
   1.1993539e-01   4.4000000e+01   8.9884970e-05
   1.1993539e-01   4.6000000e+01   8.3418763e-05
   1.1993539e-01   4.8000000e+01   8.4929731e-05
   1.1993539e-01   5.0000000e+01   5.6956127e-05
   1.1993539e-01   5.2000000e+01   5.9629100e-05
   1.1993539e-01   5.4000000e+01   5.5909117e-05
   1.1993539e-01   5.6000000e+01   5.5928251e-05
   1.1993539e-01   5.8000000e+01   6.0136863e-05
   1.1993539e-01   6.0000000e+01   6.5650479e-05
   1.1993539e-01   6.2000000e+01   6.5300316e-05
   1.1993539e-01   6.4000000e+01   8.1072576e-05
   1.1993539e-01   6.6000000e+01   9.0471607e-05
   1.1993539e-01   6.8000000e+01   9.4753699e-05
   1.1993539e-01   7.0000000e+01   1.1150959e-04
   1.1993539e-01   7.2000000e+01   1.3191090e-04
   1.1993539e-01   7.4000000e+01   1.3160913e-04
   1.1993539e-01   7.6000000e+01   1.5105102e-04
   1.1993539e-01   7.8000000e+01   1.5972357e-04
   1.1993539e-01   8.0000000e+01   1.7138425e-04
   1.7675366e-01   0.0000000e+00   4.2001647e-04
   1.7675366e-01   2.0000000e+00   3.9932980e-04
   1.7675366e-01   4.0000000e+00   3.9026049e-04
   1.7675366e-01   6.0000000e+00   3.6402351e-04
   1.7675366e-01   8.0000000e+00   3.6516123e-04
   1.7675366e-01   1.0000000e+01   3.4714814e-04
   1.7675366e-01   1.2000000e+01   3.3421667e-04
   1.7675366e-01   1.4000000e+01   3.1946647e-04
   1.7675366e-01   1.6000000e+01   3.0439396e-04
   1.7675366e-01   1.8000000e+01   2.8635862e-04
   1.7675366e-01   2.0000000e+01   2.6503678e-04
   1.7675366e-01   2.2000000e+01   2.4648274e-04
   1.7675366e-01   2.4000000e+01   2.4911336e-04
   1.7675366e-01   2.6000000e+01   2.2942343e-04
   1.7675366e-01   2.8000000e+01   2.0575626e-04
   1.7675366e-01   3.0000000e+01   2.0101377e-04
   1.7675366e-01   3.2000000e+01   1.8401534e-04
   1.7675366e-01   3.4000000e+01   1.6897764e-04
   1.7675366e-01   3.6000000e+01   1.5652384e-04
   1.7675366e-01   3.8000000e+01   1.4316090e-04
   1.7675366e-01   4.0000000e+01   1.1992679e-04
   1.7675366e-01   4.2000000e+01   1.0806510e-04
   1.7675366e-01   4.4000000e+01   1.2540808e-04
   1.7675366e-01   4.6000000e+01   8.0125300e-05
   1.7675366e-01   4.8000000e+01   8.8553490e-05
   1.7675366e-01   5.0000000e+01   7.5623374e-05
   1.7675366e-01   5.2000000e+01   7.3639191e-05
   1.7675366e-01   5.4000000e+01   6.4160495e-05
   1.7675366e-01   5.6000000e+01   4.0996018e-05
   1.7675366e-01   5.8000000e+01   5.5829506e-05
   1.7675366e-01   6.0000000e+01   6.2847609e-05
   1.7675366e-01   6.2000000e+01   6.9598540e-05
   1.7675366e-01   6.4000000e+01   8.1248142e-05
   1.7675366e-01   6.6000000e+01   9.3477037e-05
   1.7675366e-01   6.8000000e+01   1.0618571e-04
   1.7675366e-01   7.0000000e+01   1.1700419e-04
   1.7675366e-01   7.2000000e+01   1.3701115e-04
   1.7675366e-01   7.4000000e+01   1.4881399e-04
   1.7675366e-01   7.6000000e+01   1.8356660e-04
   1.7675366e-01   7.8000000e+01   1.7366622e-04
   1.7675366e-01   8.0000000e+01   1.8850741e-04
   2.6048905e-01   0.0000000e+00   4.3947778e-04
   2.6048905e-01   2.0000000e+00   4.1668320e-04
   2.6048905e-01   4.0000000e+00   3.9564011e-04
   2.6048905e-01   6.0000000e+00   3.7208654e-04
   2.6048905e-01   8.0000000e+00   3.6689877e-04
   2.6048905e-01   1.0000000e+01   3.6269590e-04
   2.6048905e-01   1.2000000e+01   3.4109541e-04
   2.6048905e-01   1.4000000e+01   3.4011634e-04
   2.6048905e-01   1.6000000e+01   3.1932131e-04
   2.6048905e-01   1.8000000e+01   2.9261424e-04
   2.6048905e-01   2.0000000e+01   2.8803595e-04
   2.6048905e-01   2.2000000e+01   2.6850647e-04
   2.6048905e-01   2.4000000e+01   2.6142986e-04
   2.6048905e-01   2.6000000e+01   2.3761200e-04
   2.6048905e-01   2.8000000e+01   2.2868986e-04
   2.6048905e-01   3.0000000e+01   2.0877715e-04
   2.6048905e-01   3.2000000e+01   1.8596260e-04
   2.6048905e-01   3.4000000e+01   1.9013753e-04
   2.6048905e-01   3.6000000e+01   1.7341206e-04
   2.6048905e-01   3.8000000e+01   1.4882591e-04
   2.6048905e-01   4.0000000e+01   1.5070478e-04
   2.6048905e-01   4.2000000e+01   1.3031200e-04
   2.6048905e-01   4.4000000e+01   1.0840382e-04
   2.6048905e-01   4.6000000e+01   1.0411830e-04
   2.6048905e-01   4.8000000e+01   9.9469637e-05
   2.6048905e-01   5.0000000e+01   1.0664270e-04
   2.6048905e-01   5.2000000e+01   9.1925899e-05
   2.6048905e-01   5.4000000e+01   6.2776145e-05
   2.6048905e-01   5.6000000e+01   7.5772906e-05
   2.6048905e-01   5.8000000e+01   6.8863045e-05
   2.6048905e-01   6.0000000e+01   7.2764959e-05
   2.6048905e-01   6.2000000e+01   8.8338707e-05
   2.6048905e-01   6.4000000e+01   8.7580707e-05
   2.6048905e-01   6.6000000e+01   9.1442760e-05
   2.6048905e-01   6.8000000e+01   1.0324087e-04
   2.6048905e-01   7.0000000e+01   1.2997998e-04
   2.6048905e-01   7.2000000e+01   1.3543672e-04
   2.6048905e-01   7.4000000e+01   1.5746191e-04
   2.6048905e-01   7.6000000e+01   1.5342366e-04
   2.6048905e-01   7.8000000e+01   1.6879242e-04
   2.6048905e-01   8.0000000e+01   1.9338487e-04
   3.8389329e-01   0.0000000e+00   4.5930161e-04
   3.8389329e-01   2.0000000e+00   4.2764000e-04
   3.8389329e-01   4.0000000e+00   4.3384929e-04
   3.8389329e-01   6.0000000e+00   4.0408069e-04
   3.8389329e-01   8.0000000e+00   3.9419055e-04
   3.8389329e-01   1.0000000e+01   3.7738263e-04
   3.8389329e-01   1.2000000e+01   3.7102360e-04
   3.8389329e-01   1.4000000e+01   3.5297505e-04
   3.8389329e-01   1.6000000e+01   3.4683855e-04
   3.8389329e-01   1.8000000e+01   3.2352746e-04
   3.8389329e-01   2.0000000e+01   3.1615095e-04
   3.8389329e-01   2.2000000e+01   2.9961617e-04
   3.8389329e-01   2.4000000e+01   2.8696789e-04
   3.8389329e-01   2.6000000e+01   2.4951541e-04
   3.8389329e-01   2.8000000e+01   2.5354978e-04
   3.8389329e-01   3.0000000e+01   2.2714253e-04
   3.8389329e-01   3.2000000e+01   2.3290448e-04
   3.8389329e-01   3.4000000e+01   2.0632953e-04
   3.8389329e-01   3.6000000e+01   1.9179249e-04
   3.8389329e-01   3.8000000e+01   1.8930512e-04
   3.8389329e-01   4.0000000e+01   1.7111982e-04
   3.8389329e-01   4.2000000e+01   1.6337953e-04
   3.8389329e-01   4.4000000e+01   1.3559772e-04
   3.8389329e-01   4.6000000e+01   1.5633503e-04
   3.8389329e-01   4.8000000e+01   1.2287737e-04
   3.8389329e-01   5.0000000e+01   1.0016550e-04
   3.8389329e-01   5.2000000e+01   1.2525320e-04
   3.8389329e-01   5.4000000e+01   9.0190380e-05
   3.8389329e-01   5.6000000e+01   8.9182539e-05
   3.8389329e-01   5.8000000e+01   7.6101751e-05
   3.8389329e-01   6.0000000e+01   5.9152954e-05
   3.8389329e-01   6.2000000e+01   8.0899424e-05
   3.8389329e-01   6.4000000e+01   7.6837590e-05
   3.8389329e-01   6.6000000e+01   9.1292103e-05
   3.8389329e-01   6.8000000e+01   1.2684806e-04
   3.8389329e-01   7.0000000e+01   1.1183540e-04
   3.8389329e-01   7.2000000e+01   1.2002832e-04
   3.8389329e-01   7.4000000e+01   1.2488259e-04
   3.8389329e-01   7.6000000e+01   1.6854008e-04
   3.8389329e-01   7.8000000e+01   1.7619274e-04
   3.8389329e-01   8.0000000e+01   1.7027810e-04
   5.6575914e-01   0.0000000e+00   4.9342186e-04
   5.6575914e-01   2.0000000e+00   4.8728379e-04
   5.6575914e-01   4.0000000e+00   4.6124206e-04
   5.6575914e-01   6.0000000e+00   4.4830806e-04
   5.6575914e-01   8.0000000e+00   4.4536351e-04
   5.6575914e-01   1.0000000e+01   4.1850753e-04
   5.6575914e-01   1.2000000e+01   4.0558453e-04
   5.6575914e-01   1.4000000e+01   3.8214686e-04
   5.6575914e-01   1.6000000e+01   3.6431934e-04
   5.6575914e-01   1.8000000e+01   3.3998594e-04
   5.6575914e-01   2.0000000e+01   3.3765803e-04
   5.6575914e-01   2.2000000e+01   3.2770627e-04
   5.6575914e-01   2.4000000e+01   3.0191101e-04
   5.6575914e-01   2.6000000e+01   2.8775180e-04
   5.6575914e-01   2.8000000e+01   2.7879898e-04
   5.6575914e-01   3.0000000e+01   2.5687843e-04
   5.6575914e-01   3.2000000e+01   2.3362982e-04
   5.6575914e-01   3.4000000e+01   2.3235848e-04
   5.6575914e-01   3.6000000e+01   2.2103356e-04
   5.6575914e-01   3.8000000e+01   2.0856147e-04
   5.6575914e-01   4.0000000e+01   1.8719001e-04
   5.6575914e-01   4.2000000e+01   1.8236274e-04
   5.6575914e-01   4.4000000e+01   1.7398065e-04
   5.6575914e-01   4.6000000e+01   1.7292965e-04
   5.6575914e-01   4.8000000e+01   1.4196145e-04
   5.6575914e-01   5.0000000e+01   1.2710617e-04
   5.6575914e-01   5.2000000e+01   1.1561922e-04
   5.6575914e-01   5.4000000e+01   1.1563392e-04
   5.6575914e-01   5.6000000e+01   1.0275202e-04
   5.6575914e-01   5.8000000e+01   8.9502838e-05
   5.6575914e-01   6.0000000e+01   9.2479763e-05
   5.6575914e-01   6.2000000e+01   9.8927939e-05
   5.6575914e-01   6.4000000e+01   9.9084373e-05
   5.6575914e-01   6.6000000e+01   1.0315434e-04
   5.6575914e-01   6.8000000e+01   1.0892706e-04
   5.6575914e-01   7.0000000e+01   1.1958072e-04
   5.6575914e-01   7.2000000e+01   1.3999613e-04
   5.6575914e-01   7.4000000e+01   1.4429411e-04
   5.6575914e-01   7.6000000e+01   1.5193637e-04
   5.6575914e-01   7.8000000e+01   1.7476166e-04
   5.6575914e-01   8.0000000e+01   1.7485445e-04
   8.3378222e-01   0.0000000e+00   5.3325429e-04
   8.3378222e-01   2.0000000e+00   4.8888064e-04
   8.3378222e-01   4.0000000e+00   4.8317437e-04
   8.3378222e-01   6.0000000e+00   4.8699694e-04
   8.3378222e-01   8.0000000e+00   4.6466225e-04
   8.3378222e-01   1.0000000e+01   4.2065944e-04
   8.3378222e-01   1.2000000e+01   4.0877359e-04
   8.3378222e-01   1.4000000e+01   4.2011536e-04
   8.3378222e-01   1.6000000e+01   3.8503459e-04
   8.3378222e-01   1.8000000e+01   3.7255750e-04
   8.3378222e-01   2.0000000e+01   3.7722402e-04
   8.3378222e-01   2.2000000e+01   3.4403695e-04
   8.3378222e-01   2.4000000e+01   3.3016451e-04
   8.3378222e-01   2.6000000e+01   3.2521558e-04
   8.3378222e-01   2.8000000e+01   2.9688270e-04
   8.3378222e-01   3.0000000e+01   2.6605203e-04
   8.3378222e-01   3.2000000e+01   2.6904704e-04
   8.3378222e-01   3.4000000e+01   2.4907951e-04
   8.3378222e-01   3.6000000e+01   2.2051170e-04
   8.3378222e-01   3.8000000e+01   2.1795577e-04
   8.3378222e-01   4.0000000e+01   2.1268514e-04
   8.3378222e-01   4.2000000e+01   2.1054385e-04
   8.3378222e-01   4.4000000e+01   1.6797761e-04
   8.3378222e-01   4.6000000e+01   1.6091807e-04
   8.3378222e-01   4.8000000e+01   1.6266229e-04
   8.3378222e-01   5.0000000e+01   1.4003000e-04
   8.3378222e-01   5.2000000e+01   1.2713385e-04
   8.3378222e-01   5.4000000e+01   8.7763376e-05
   8.3378222e-01   5.6000000e+01   1.0828759e-04
   8.3378222e-01   5.8000000e+01   1.1537758e-04
   8.3378222e-01   6.0000000e+01   1.0833232e-04
   8.3378222e-01   6.2000000e+01   9.0608196e-05
   8.3378222e-01   6.4000000e+01   8.3974569e-05
   8.3378222e-01   6.6000000e+01   1.0078726e-04
   8.3378222e-01   6.8000000e+01   1.0318989e-04
   8.3378222e-01   7.0000000e+01   1.1955466e-04
   8.3378222e-01   7.2000000e+01   1.2480324e-04
   8.3378222e-01   7.4000000e+01   1.3825629e-04
   8.3378222e-01   7.6000000e+01   1.5506215e-04
   8.3378222e-01   7.8000000e+01   1.6641032e-04
   8.3378222e-01   8.0000000e+01   1.7678774e-04
   1.2287787e+00   0.0000000e+00   5.2860709e-04
   1.2287787e+00   2.0000000e+00   5.1520457e-04
   1.2287787e+00   4.0000000e+00   4.9792236e-04
   1.2287787e+00   6.0000000e+00   4.7747133e-04
   1.2287787e+00   8.0000000e+00   4.5664458e-04
   1.2287787e+00   1.0000000e+01   4.5513763e-04
   1.2287787e+00   1.2000000e+01   4.0493108e-04
   1.2287787e+00   1.4000000e+01   4.2103256e-04
   1.2287787e+00   1.6000000e+01   3.7947020e-04
   1.2287787e+00   1.8000000e+01   3.6671447e-04
   1.2287787e+00   2.0000000e+01   3.5168931e-04
   1.2287787e+00   2.2000000e+01   3.5372798e-04
   1.2287787e+00   2.4000000e+01   3.2193164e-04
   1.2287787e+00   2.6000000e+01   2.9447866e-04
   1.2287787e+00   2.8000000e+01   2.7821911e-04
   1.2287787e+00   3.0000000e+01   2.8079884e-04
   1.2287787e+00   3.2000000e+01   2.4653017e-04
   1.2287787e+00   3.4000000e+01   2.3538017e-04
   1.2287787e+00   3.6000000e+01   2.1359088e-04
   1.2287787e+00   3.8000000e+01   2.1287561e-04
   1.2287787e+00   4.0000000e+01   1.8789418e-04
   1.2287787e+00   4.2000000e+01   1.6891745e-04
   1.2287787e+00   4.4000000e+01   1.4971923e-04
   1.2287787e+00   4.6000000e+01   1.6353864e-04
   1.2287787e+00   4.8000000e+01   1.3518977e-04
   1.2287787e+00   5.0000000e+01   1.1238933e-04
   1.2287787e+00   5.2000000e+01   1.1518457e-04
   1.2287787e+00   5.4000000e+01   1.0615048e-04
   1.2287787e+00   5.6000000e+01   1.0044724e-04
   1.2287787e+00   5.8000000e+01   9.1701579e-05
   1.2287787e+00   6.0000000e+01   9.2152257e-05
   1.2287787e+00   6.2000000e+01   9.2706569e-05
   1.2287787e+00   6.4000000e+01   1.0455507e-04
   1.2287787e+00   6.6000000e+01   1.1615340e-04
   1.2287787e+00   6.8000000e+01   1.3001651e-04
   1.2287787e+00   7.0000000e+01   1.4039064e-04
   1.2287787e+00   7.2000000e+01   1.5154284e-04
   1.2287787e+00   7.4000000e+01   1.6673474e-04
   1.2287787e+00   7.6000000e+01   1.8652376e-04
   1.2287787e+00   7.8000000e+01   1.9782062e-04
   1.2287787e+00   8.0000000e+01   2.3159480e-04
   1.8109011e+00   0.0000000e+00   5.7740138e-04
   1.8109011e+00   2.0000000e+00   5.5489279e-04
   1.8109011e+00   4.0000000e+00   5.1917026e-04
   1.8109011e+00   6.0000000e+00   5.1746164e-04
   1.8109011e+00   8.0000000e+00   4.8847039e-04
   1.8109011e+00   1.0000000e+01   4.9100065e-04
   1.8109011e+00   1.2000000e+01   4.7298992e-04
   1.8109011e+00   1.4000000e+01   4.4482981e-04
   1.8109011e+00   1.6000000e+01   4.0864982e-04
   1.8109011e+00   1.8000000e+01   3.9375419e-04
   1.8109011e+00   2.0000000e+01   3.9544776e-04
   1.8109011e+00   2.2000000e+01   3.7025984e-04
   1.8109011e+00   2.4000000e+01   3.4347296e-04
   1.8109011e+00   2.6000000e+01   3.1413850e-04
   1.8109011e+00   2.8000000e+01   2.9439844e-04
   1.8109011e+00   3.0000000e+01   2.7854006e-04
   1.8109011e+00   3.2000000e+01   2.6451273e-04
   1.8109011e+00   3.4000000e+01   2.4043558e-04
   1.8109011e+00   3.6000000e+01   2.2193835e-04
   1.8109011e+00   3.8000000e+01   2.0455470e-04
   1.8109011e+00   4.0000000e+01   1.9823763e-04
   1.8109011e+00   4.2000000e+01   1.6026443e-04
   1.8109011e+00   4.4000000e+01   1.5281462e-04
   1.8109011e+00   4.6000000e+01   1.3394862e-04
   1.8109011e+00   4.8000000e+01   1.2106852e-04
   1.8109011e+00   5.0000000e+01   8.5412215e-05
   1.8109011e+00   5.2000000e+01   8.9937479e-05
   1.8109011e+00   5.4000000e+01   6.6807796e-05
   1.8109011e+00   5.6000000e+01   6.0498239e-05
   1.8109011e+00   5.8000000e+01   6.3925814e-05
   1.8109011e+00   6.0000000e+01   7.2305894e-05
   1.8109011e+00   6.2000000e+01   7.2932477e-05
   1.8109011e+00   6.4000000e+01   8.1031371e-05
   1.8109011e+00   6.6000000e+01   1.0776163e-04
   1.8109011e+00   6.8000000e+01   1.1543587e-04
   1.8109011e+00   7.0000000e+01   1.2382708e-04
   1.8109011e+00   7.2000000e+01   1.4619475e-04
   1.8109011e+00   7.4000000e+01   1.7542249e-04
   1.8109011e+00   7.6000000e+01   1.8741799e-04
   1.8109011e+00   7.8000000e+01   2.0926976e-04
   1.8109011e+00   8.0000000e+01   2.2940873e-04
   2.6687985e+00   0.0000000e+00   6.0917342e-04
   2.6687985e+00   2.0000000e+00   5.9186090e-04
   2.6687985e+00   4.0000000e+00   5.6023337e-04
   2.6687985e+00   6.0000000e+00   5.4910858e-04
   2.6687985e+00   8.0000000e+00   5.2742431e-04
   2.6687985e+00   1.0000000e+01   5.1004758e-04
   2.6687985e+00   1.2000000e+01   4.9193013e-04
   2.6687985e+00   1.4000000e+01   4.7024708e-04
   2.6687985e+00   1.6000000e+01   4.4210979e-04
   2.6687985e+00   1.8000000e+01   4.2569468e-04
   2.6687985e+00   2.0000000e+01   4.1566383e-04
   2.6687985e+00   2.2000000e+01   3.8256920e-04
   2.6687985e+00   2.4000000e+01   3.6366007e-04
   2.6687985e+00   2.6000000e+01   3.4919417e-04
   2.6687985e+00   2.8000000e+01   3.2016788e-04
   2.6687985e+00   3.0000000e+01   2.9694912e-04
   2.6687985e+00   3.2000000e+01   2.8812168e-04
   2.6687985e+00   3.4000000e+01   2.5333849e-04
   2.6687985e+00   3.6000000e+01   2.3977400e-04
   2.6687985e+00   3.8000000e+01   2.1614276e-04
   2.6687985e+00   4.0000000e+01   2.1112148e-04
   2.6687985e+00   4.2000000e+01   1.9013628e-04
   2.6687985e+00   4.4000000e+01   1.8056096e-04
   2.6687985e+00   4.6000000e+01   1.4475400e-04
   2.6687985e+00   4.8000000e+01   1.2128997e-04
   2.6687985e+00   5.0000000e+01   1.1440005e-04
   2.6687985e+00   5.2000000e+01   9.9968653e-05
   2.6687985e+00   5.4000000e+01   8.6382709e-05
   2.6687985e+00   5.6000000e+01   7.4541188e-05
   2.6687985e+00   5.8000000e+01   7.8795591e-05
   2.6687985e+00   6.0000000e+01   7.1735346e-05
   2.6687985e+00   6.2000000e+01   7.7261393e-05
   2.6687985e+00   6.4000000e+01   8.7668962e-05
   2.6687985e+00   6.6000000e+01   9.6069549e-05
   2.6687985e+00   6.8000000e+01   1.2287123e-04
   2.6687985e+00   7.0000000e+01   1.2621098e-04
   2.6687985e+00   7.2000000e+01   1.5828247e-04
   2.6687985e+00   7.4000000e+01   1.7151350e-04
   2.6687985e+00   7.6000000e+01   1.9731156e-04
   2.6687985e+00   7.8000000e+01   2.1147356e-04
   2.6687985e+00   8.0000000e+01   2.3211905e-04
   3.9331168e+00   0.0000000e+00   6.0588214e-04
   3.9331168e+00   2.0000000e+00   5.9528076e-04
   3.9331168e+00   4.0000000e+00   5.7285093e-04
   3.9331168e+00   6.0000000e+00   5.5008297e-04
   3.9331168e+00   8.0000000e+00   5.2651370e-04
   3.9331168e+00   1.0000000e+01   5.0643869e-04
   3.9331168e+00   1.2000000e+01   4.9071708e-04
   3.9331168e+00   1.4000000e+01   4.6907458e-04
   3.9331168e+00   1.6000000e+01   4.3754798e-04
   3.9331168e+00   1.8000000e+01   4.2736007e-04
   3.9331168e+00   2.0000000e+01   4.0491264e-04
   3.9331168e+00   2.2000000e+01   3.7896637e-04
   3.9331168e+00   2.4000000e+01   3.5556002e-04
   3.9331168e+00   2.6000000e+01   3.4058614e-04
   3.9331168e+00   2.8000000e+01   3.1333018e-04
   3.9331168e+00   3.0000000e+01   2.9227671e-04
   3.9331168e+00   3.2000000e+01   2.6932592e-04
   3.9331168e+00   3.4000000e+01   2.5478371e-04
   3.9331168e+00   3.6000000e+01   2.2920976e-04
   3.9331168e+00   3.8000000e+01   2.1548580e-04
   3.9331168e+00   4.0000000e+01   1.9074805e-04
   3.9331168e+00   4.2000000e+01   1.6550077e-04
   3.9331168e+00   4.4000000e+01   1.4276183e-04
   3.9331168e+00   4.6000000e+01   1.3416573e-04
   3.9331168e+00   4.8000000e+01   1.1304161e-04
   3.9331168e+00   5.0000000e+01   9.4956731e-05
   3.9331168e+00   5.2000000e+01   7.2601340e-05
   3.9331168e+00   5.4000000e+01   6.5903765e-05
   3.9331168e+00   5.6000000e+01   6.4305182e-05
   3.9331168e+00   5.8000000e+01   6.7763290e-05
   3.9331168e+00   6.0000000e+01   7.7216210e-05
   3.9331168e+00   6.2000000e+01   9.0484324e-05
   3.9331168e+00   6.4000000e+01   1.0875416e-04
   3.9331168e+00   6.6000000e+01   1.2231300e-04
   3.9331168e+00   6.8000000e+01   1.4186887e-04
   3.9331168e+00   7.0000000e+01   1.5992991e-04
   3.9331168e+00   7.2000000e+01   1.8480693e-04
   3.9331168e+00   7.4000000e+01   2.0523817e-04
   3.9331168e+00   7.6000000e+01   2.2127309e-04
   3.9331168e+00   7.8000000e+01   2.4949457e-04
   3.9331168e+00   8.0000000e+01   2.6356801e-04
   5.7963940e+00   0.0000000e+00   6.4787180e-04
   5.7963940e+00   2.0000000e+00   6.2348541e-04
   5.7963940e+00   4.0000000e+00   6.0604936e-04
   5.7963940e+00   6.0000000e+00   5.8501180e-04
   5.7963940e+00   8.0000000e+00   5.6541857e-04
   5.7963940e+00   1.0000000e+01   5.3290575e-04
   5.7963940e+00   1.2000000e+01   5.2387799e-04
   5.7963940e+00   1.4000000e+01   5.0298964e-04
   5.7963940e+00   1.6000000e+01   4.7369990e-04
   5.7963940e+00   1.8000000e+01   4.4566703e-04
   5.7963940e+00   2.0000000e+01   4.2877884e-04
   5.7963940e+00   2.2000000e+01   4.1284082e-04
   5.7963940e+00   2.4000000e+01   3.8334839e-04
   5.7963940e+00   2.6000000e+01   3.6588223e-04
   5.7963940e+00   2.8000000e+01   3.4480376e-04
   5.7963940e+00   3.0000000e+01   3.1783160e-04
   5.7963940e+00   3.2000000e+01   3.0208788e-04
   5.7963940e+00   3.4000000e+01   2.7909903e-04
   5.7963940e+00   3.6000000e+01   2.5039560e-04
   5.7963940e+00   3.8000000e+01   2.4714889e-04
   5.7963940e+00   4.0000000e+01   2.1428764e-04
   5.7963940e+00   4.2000000e+01   2.0126839e-04
   5.7963940e+00   4.4000000e+01   1.6874454e-04
   5.7963940e+00   4.6000000e+01   1.8182598e-04
   5.7963940e+00   4.8000000e+01   1.6678480e-04
   5.7963940e+00   5.0000000e+01   1.3524283e-04
   5.7963940e+00   5.2000000e+01   1.2340926e-04
   5.7963940e+00   5.4000000e+01   1.0768148e-04
   5.7963940e+00   5.6000000e+01   1.0090067e-04
   5.7963940e+00   5.8000000e+01   1.0726274e-04
   5.7963940e+00   6.0000000e+01   1.2003140e-04
   5.7963940e+00   6.2000000e+01   1.2927208e-04
   5.7963940e+00   6.4000000e+01   1.3762543e-04
   5.7963940e+00   6.6000000e+01   1.7595266e-04
   5.7963940e+00   6.8000000e+01   1.7116460e-04
   5.7963940e+00   7.0000000e+01   1.9524268e-04
   5.7963940e+00   7.2000000e+01   2.2001261e-04
   5.7963940e+00   7.4000000e+01   2.3121248e-04
   5.7963940e+00   7.6000000e+01   2.5232323e-04
   5.7963940e+00   7.8000000e+01   2.7044715e-04
   5.7963940e+00   8.0000000e+01   3.0019249e-04
   8.5423812e+00   0.0000000e+00   6.4971615e-04
   8.5423812e+00   2.0000000e+00   6.4059839e-04
   8.5423812e+00   4.0000000e+00   6.1707068e-04
   8.5423812e+00   6.0000000e+00   5.9807496e-04
   8.5423812e+00   8.0000000e+00   5.8050789e-04
   8.5423812e+00   1.0000000e+01   5.5965597e-04
   8.5423812e+00   1.2000000e+01   5.3029058e-04
   8.5423812e+00   1.4000000e+01   5.0910955e-04
   8.5423812e+00   1.6000000e+01   4.8213423e-04
   8.5423812e+00   1.8000000e+01   4.6531422e-04
   8.5423812e+00   2.0000000e+01   4.4228067e-04
   8.5423812e+00   2.2000000e+01   4.1762062e-04
   8.5423812e+00   2.4000000e+01   3.9072735e-04
   8.5423812e+00   2.6000000e+01   3.7390179e-04
   8.5423812e+00   2.8000000e+01   3.5105608e-04
   8.5423812e+00   3.0000000e+01   3.2771843e-04
   8.5423812e+00   3.2000000e+01   3.1356812e-04
   8.5423812e+00   3.4000000e+01   2.7930212e-04
   8.5423812e+00   3.6000000e+01   2.6705332e-04
   8.5423812e+00   3.8000000e+01   2.4381750e-04
   8.5423812e+00   4.0000000e+01   2.2735383e-04
   8.5423812e+00   4.2000000e+01   2.0442107e-04
   8.5423812e+00   4.4000000e+01   1.8458819e-04
   8.5423812e+00   4.6000000e+01   1.6312033e-04
   8.5423812e+00   4.8000000e+01   1.5066473e-04
   8.5423812e+00   5.0000000e+01   1.3340334e-04
   8.5423812e+00   5.2000000e+01   1.1798555e-04
   8.5423812e+00   5.4000000e+01   1.0956726e-04
   8.5423812e+00   5.6000000e+01   9.9103887e-05
   8.5423812e+00   5.8000000e+01   9.7612691e-05
   8.5423812e+00   6.0000000e+01   1.0880840e-04
   8.5423812e+00   6.2000000e+01   1.1753876e-04
   8.5423812e+00   6.4000000e+01   1.3042568e-04
   8.5423812e+00   6.6000000e+01   1.4598306e-04
   8.5423812e+00   6.8000000e+01   1.6433972e-04
   8.5423812e+00   7.0000000e+01   1.8292559e-04
   8.5423812e+00   7.2000000e+01   1.9430944e-04
   8.5423812e+00   7.4000000e+01   2.2234617e-04
   8.5423812e+00   7.6000000e+01   2.3792997e-04
   8.5423812e+00   7.8000000e+01   2.5705705e-04
   8.5423812e+00   8.0000000e+01   2.8402881e-04
   1.2589254e+01   0.0000000e+00   6.1414858e-04
   1.2589254e+01   2.0000000e+00   5.9159367e-04
   1.2589254e+01   4.0000000e+00   5.7496428e-04
   1.2589254e+01   6.0000000e+00   5.4411175e-04
   1.2589254e+01   8.0000000e+00   5.3000259e-04
   1.2589254e+01   1.0000000e+01   5.0375617e-04
   1.2589254e+01   1.2000000e+01   4.8685236e-04
   1.2589254e+01   1.4000000e+01   4.6381186e-04
   1.2589254e+01   1.6000000e+01   4.4964921e-04
   1.2589254e+01   1.8000000e+01   4.2957006e-04
   1.2589254e+01   2.0000000e+01   4.0659513e-04
   1.2589254e+01   2.2000000e+01   3.8951298e-04
   1.2589254e+01   2.4000000e+01   3.5546629e-04
   1.2589254e+01   2.6000000e+01   3.4456281e-04
   1.2589254e+01   2.8000000e+01   3.2572278e-04
   1.2589254e+01   3.0000000e+01   3.0464145e-04
   1.2589254e+01   3.2000000e+01   2.9021083e-04
   1.2589254e+01   3.4000000e+01   2.7036741e-04
   1.2589254e+01   3.6000000e+01   2.5178403e-04
   1.2589254e+01   3.8000000e+01   2.4035743e-04
   1.2589254e+01   4.0000000e+01   2.3077145e-04
   1.2589254e+01   4.2000000e+01   2.1092457e-04
   1.2589254e+01   4.4000000e+01   1.9602843e-04
   1.2589254e+01   4.6000000e+01   1.9142328e-04
   1.2589254e+01   4.8000000e+01   1.7319316e-04
   1.2589254e+01   5.0000000e+01   1.7544442e-04
   1.2589254e+01   5.2000000e+01   1.7704560e-04
   1.2589254e+01   5.4000000e+01   1.7194696e-04
   1.2589254e+01   5.6000000e+01   1.8519192e-04
   1.2589254e+01   5.8000000e+01   1.9165822e-04
   1.2589254e+01   6.0000000e+01   1.9913977e-04
   1.2589254e+01   6.2000000e+01   2.1081124e-04
   1.2589254e+01   6.4000000e+01   2.1929030e-04
   1.2589254e+01   6.6000000e+01   2.4353263e-04
   1.2589254e+01   6.8000000e+01   2.6027413e-04
   1.2589254e+01   7.0000000e+01   2.7697714e-04
   1.2589254e+01   7.2000000e+01   2.9977244e-04
   1.2589254e+01   7.4000000e+01   3.2153707e-04
   1.2589254e+01   7.6000000e+01   3.4263654e-04
   1.2589254e+01   7.8000000e+01   3.5088720e-04
   1.2589254e+01   8.0000000e+01   3.7318615e-04
